     9999.
       10.
       54.
        1.    0.0000000000E+00    0.0000000000E+00    0.2625000000E+01
        2.    0.3700000000E+00    0.0000000000E+00    0.2625000000E+01
        3.    0.4000000000E+00    0.0000000000E+00    0.2625000000E+01
        4.    0.4500000000E+00    0.0000000000E+00    0.2625000000E+01
        5.    0.5250000000E+00    0.0000000000E+00    0.2625000000E+01
        6.    0.7250000000E+00    0.0000000000E+00    0.2625000000E+01
        7.    0.7750000000E+00    0.0000000000E+00    0.2625000000E+01
        8.    0.7916666667E+00    0.0000000000E+00    0.2625000000E+01
        9.    0.9250000000E+00    0.0000000000E+00    0.2625000000E+01
       10.    0.1058333333E+01    0.0000000000E+00    0.2625000000E+01
       11.    0.1075000000E+01    0.0000000000E+00    0.2625000000E+01
       12.    0.1125000000E+01    0.0000000000E+00    0.2625000000E+01
       13.    0.8307190958E+00    0.9428090416E-01    0.2625000000E+01
       14.    0.1019280904E+01    0.9428090416E-01    0.2625000000E+01
       15.    0.3545764936E+00    0.1057142857E+00    0.2625000000E+01
       16.    0.3833259390E+00    0.1142857143E+00    0.2625000000E+01
       17.    0.4312416814E+00    0.1285714286E+00    0.2625000000E+01
       18.    0.5031152949E+00    0.1500000000E+00    0.2625000000E+01
       19.    0.7250000000E+00    0.1500000000E+00    0.2625000000E+01
       20.    0.7750000000E+00    0.1500000000E+00    0.2625000000E+01
       21.    0.1075000000E+01    0.1500000000E+00    0.2625000000E+01
       22.    0.1125000000E+01    0.1500000000E+00    0.2625000000E+01
       23.    0.3421000238E+00    0.1409523810E+00    0.2625000000E+01
       24.    0.3698378636E+00    0.1523809524E+00    0.2625000000E+01
       25.    0.4160675965E+00    0.1714285714E+00    0.2625000000E+01
       26.    0.4854121960E+00    0.2000000000E+00    0.2625000000E+01
       27.    0.7250000000E+00    0.2000000000E+00    0.2625000000E+01
       28.    0.7750000000E+00    0.2000000000E+00    0.2625000000E+01
       29.    0.1075000000E+01    0.2000000000E+00    0.2625000000E+01
       30.    0.1125000000E+01    0.2000000000E+00    0.2625000000E+01
       31.    0.0000000000E+00    0.3700000000E+00    0.2625000000E+01
       32.    0.0000000000E+00    0.4000000000E+00    0.2625000000E+01
       33.    0.0000000000E+00    0.4500000000E+00    0.2625000000E+01
       34.    0.0000000000E+00    0.5250000000E+00    0.2625000000E+01
       35.    0.0000000000E+00    0.6800000000E+00    0.2625000000E+01
       36.    0.3750000000E+00    0.6800000000E+00    0.2625000000E+01
       37.    0.7155773039E+00    0.5437690784E+00    0.2625000000E+01
       38.    0.1125000000E+01    0.3800000000E+00    0.2625000000E+01
       39.    0.3421000238E+00    0.1409523810E+00    0.2525000000E+01
       40.    0.0000000000E+00    0.3700000000E+00    0.2525000000E+01
       41.    0.0000000000E+00    0.4000000000E+00    0.2525000000E+01
       42.    0.3698378636E+00    0.1523809524E+00    0.2525000000E+01
       43.    0.0000000000E+00    0.4500000000E+00    0.2525000000E+01
       44.    0.4160675965E+00    0.1714285714E+00    0.2525000000E+01
       45.    0.0000000000E+00    0.5250000000E+00    0.2525000000E+01
       46.    0.4854121960E+00    0.2000000000E+00    0.2525000000E+01
       47.    0.0000000000E+00    0.6800000000E+00    0.2525000000E+01
       48.    0.3750000000E+00    0.6800000000E+00    0.2525000000E+01
       49.    0.7155773039E+00    0.5437690784E+00    0.2525000000E+01
       50.    0.1125000000E+01    0.3800000000E+00    0.2525000000E+01
       51.    0.1125000000E+01    0.2000000000E+00    0.2525000000E+01
       52.    0.1075000000E+01    0.2000000000E+00    0.2525000000E+01
       53.    0.7750000000E+00    0.2000000000E+00    0.2525000000E+01
       54.    0.7250000000E+00    0.2000000000E+00    0.2525000000E+01
    -9876.

     9999.
       20.
       94.
        1.        2.       15.
    0.1072081295E+00    0.3661238196E+00    0.5341674540E-01    0.2625000000E+01
   -0.4871291193E-16    0.1000000000E+01   -0.2598021970E-15
   -0.2857142857E+00    0.9583148475E+00    0.2598021970E-15
        2.       15.       23.
    0.3739753878E-01    0.3487835623E+00    0.1234909984E+00    0.2625000000E+01
   -0.2857142857E+00    0.9583148475E+00   -0.9652403106E-14
   -0.3809523810E+00    0.9245946590E+00    0.9652403106E-14
        3.       23.       31.
    0.4365889727E+00    0.2058489969E+00    0.3074511188E+00    0.2625000000E+01
   -0.3809523810E+00    0.9245946590E+00    0.2696692822E-15
   -0.1000000000E+01   -0.4719212438E-15   -0.2696692822E-15
        4.        3.       16.
    0.1159006806E+00    0.3958095348E+00    0.5774783286E-01    0.2625000000E+01
    0.0000000000E+00    0.1000000000E+01    0.2403170322E-14
   -0.2857142857E+00    0.9583148475E+00   -0.2403170322E-14
        5.       16.       24.
    0.4042977166E-01    0.3770633106E+00    0.1335037821E+00    0.2625000000E+01
   -0.2857142857E+00    0.9583148475E+00   -0.8928472873E-14
   -0.3809523810E+00    0.9245946590E+00    0.8928472873E-14
        6.       24.       32.
    0.4719880786E+00    0.2225394561E+00    0.3323795879E+00    0.2625000000E+01
   -0.3809523810E+00    0.9245946590E+00    0.2494440860E-15
   -0.1000000000E+01    0.1247220430E-15   -0.2494440860E-15
        7.        4.       17.
    0.1303882656E+00    0.4452857266E+00    0.6496631197E-01    0.2625000000E+01
   -0.8010567739E-16    0.1000000000E+01   -0.2136151397E-15
   -0.2857142857E+00    0.9583148475E+00    0.2136151397E-15
        8.       17.       25.
    0.4548349311E-01    0.4241962244E+00    0.1501917548E+00    0.2625000000E+01
   -0.2857142857E+00    0.9583148475E+00   -0.7936420332E-14
   -0.3809523810E+00    0.9245946590E+00    0.7936420332E-14
        9.       25.       33.
    0.5309865884E+00    0.2503568881E+00    0.3739270364E+00    0.2625000000E+01
   -0.3809523810E+00    0.9245946590E+00   -0.8869123058E-15
   -0.1000000000E+01    0.3325921147E-15    0.8869123058E-15
       10.        5.       18.
    0.1521196433E+00    0.5195000144E+00    0.7579403063E-01    0.2625000000E+01
   -0.3318663778E-15    0.1000000000E+01   -0.1830986912E-15
   -0.2857142857E+00    0.9583148475E+00    0.1830986912E-15
       11.       18.       26.
    0.5306407530E-01    0.4948955951E+00    0.1752237139E+00    0.2625000000E+01
   -0.2857142857E+00    0.9583148475E+00   -0.1046560923E-14
   -0.3809523810E+00    0.9245946590E+00    0.1046560923E-14
       12.       26.       34.
    0.6194843531E+00    0.2920830361E+00    0.4362482092E+00    0.2625000000E+01
   -0.3809523810E+00    0.9245946590E+00    0.1900526370E-15
   -0.1000000000E+01   -0.2850789554E-15   -0.1900526370E-15
       13.        8.       13.
    0.1047197551E+00    0.8018160623E+00    0.5102445765E-01    0.2625000000E+01
   -0.1359915269E-15    0.1000000000E+01    0.5439661075E-15
    0.7071067812E+00    0.7071067812E+00   -0.5439661075E-15
       14.       13.       14.
    0.2094395103E+00    0.9250000001E+00    0.1333333333E+00    0.2625000000E+01
    0.7071067812E+00    0.7071067812E+00    0.0000000000E+00
    0.7071067812E+00   -0.7071067812E+00    0.0000000000E+00
       15.       14.       10.
    0.1047197551E+00    0.1048183938E+01    0.5102445765E-01    0.2625000000E+01
    0.7071067812E+00   -0.7071067812E+00    0.5439661075E-15
    0.0000000000E+00   -0.1000000000E+01   -0.5439661075E-15
       16.        2.        3.
    0.3000000000E-01    0.3850000000E+00    0.0000000000E+00    0.2625000000E+01
    0.1000000000E+01    0.0000000000E+00    0.0000000000E+00
    0.1000000000E+01    0.0000000000E+00    0.0000000000E+00
       17.        3.        4.
    0.5000000000E-01    0.4250000000E+00    0.0000000000E+00    0.2625000000E+01
    0.1000000000E+01    0.0000000000E+00    0.0000000000E+00
    0.1000000000E+01    0.0000000000E+00    0.0000000000E+00
       18.        4.        5.
    0.7500000000E-01    0.4875000000E+00    0.0000000000E+00    0.2625000000E+01
    0.1000000000E+01    0.0000000000E+00    0.0000000000E+00
    0.1000000000E+01    0.0000000000E+00    0.0000000000E+00
       19.        5.        6.
    0.2000000000E+00    0.6250000000E+00    0.0000000000E+00    0.2625000000E+01
    0.1000000000E+01    0.0000000000E+00    0.0000000000E+00
    0.1000000000E+01    0.0000000000E+00    0.0000000000E+00
       20.        6.        7.
    0.5000000000E-01    0.7500000000E+00    0.0000000000E+00    0.2625000000E+01
    0.1000000000E+01    0.0000000000E+00    0.0000000000E+00
    0.1000000000E+01    0.0000000000E+00    0.0000000000E+00
       21.        7.        8.
    0.1666666667E-01    0.7833333333E+00    0.0000000000E+00    0.2625000000E+01
    0.1000000000E+01    0.0000000000E+00    0.0000000000E+00
    0.1000000000E+01    0.0000000000E+00    0.0000000000E+00
       22.       10.       11.
    0.1666666667E-01    0.1066666667E+01    0.0000000000E+00    0.2625000000E+01
    0.1000000000E+01    0.0000000000E+00    0.0000000000E+00
    0.1000000000E+01    0.0000000000E+00    0.0000000000E+00
       23.       11.       12.
    0.5000000000E-01    0.1100000000E+01    0.0000000000E+00    0.2625000000E+01
    0.1000000000E+01    0.0000000000E+00    0.0000000000E+00
    0.1000000000E+01    0.0000000000E+00    0.0000000000E+00
       24.       18.       19.
    0.2218847051E+00    0.6140576475E+00    0.1500000000E+00    0.2625000000E+01
    0.1000000000E+01    0.0000000000E+00    0.0000000000E+00
    0.1000000000E+01    0.0000000000E+00    0.0000000000E+00
       25.       19.       20.
    0.5000000000E-01    0.7500000000E+00    0.1500000000E+00    0.2625000000E+01
    0.1000000000E+01    0.0000000000E+00    0.0000000000E+00
    0.1000000000E+01    0.0000000000E+00    0.0000000000E+00
       26.       20.       21.
    0.3000000000E+00    0.9250000000E+00    0.1500000000E+00    0.2625000000E+01
    0.1000000000E+01    0.0000000000E+00    0.0000000000E+00
    0.1000000000E+01    0.0000000000E+00    0.0000000000E+00
       27.       21.       22.
    0.5000000000E-01    0.1100000000E+01    0.1500000000E+00    0.2625000000E+01
    0.1000000000E+01    0.0000000000E+00    0.0000000000E+00
    0.1000000000E+01    0.0000000000E+00    0.0000000000E+00
       28.       26.       27.
    0.2395878040E+00    0.6052060980E+00    0.2000000000E+00    0.2625000000E+01
    0.1000000000E+01    0.0000000000E+00    0.0000000000E+00
    0.1000000000E+01    0.0000000000E+00    0.0000000000E+00
       29.       27.       28.
    0.5000000000E-01    0.7500000000E+00    0.2000000000E+00    0.2625000000E+01
    0.1000000000E+01    0.0000000000E+00    0.0000000000E+00
    0.1000000000E+01    0.0000000000E+00    0.0000000000E+00
       30.       28.       29.
    0.3000000000E+00    0.9250000000E+00    0.2000000000E+00    0.2625000000E+01
    0.1000000000E+01    0.0000000000E+00    0.0000000000E+00
    0.1000000000E+01    0.0000000000E+00    0.0000000000E+00
       31.       29.       30.
    0.5000000000E-01    0.1100000000E+01    0.2000000000E+00    0.2625000000E+01
    0.1000000000E+01    0.0000000000E+00    0.0000000000E+00
    0.1000000000E+01    0.0000000000E+00    0.0000000000E+00
       32.       35.       36.
    0.3750000000E+00    0.1875000000E+00    0.6800000000E+00    0.2625000000E+01
    0.1000000000E+01    0.0000000000E+00    0.0000000000E+00
    0.1000000000E+01    0.0000000000E+00    0.0000000000E+00
       33.       31.       32.
    0.3000000000E-01    0.0000000000E+00    0.3850000000E+00    0.2625000000E+01
    0.0000000000E+00    0.1000000000E+01    0.0000000000E+00
    0.0000000000E+00    0.1000000000E+01    0.0000000000E+00
       34.       32.       33.
    0.5000000000E-01    0.0000000000E+00    0.4250000000E+00    0.2625000000E+01
    0.0000000000E+00    0.1000000000E+01    0.0000000000E+00
    0.0000000000E+00    0.1000000000E+01    0.0000000000E+00
       35.       33.       34.
    0.7500000000E-01    0.0000000000E+00    0.4875000000E+00    0.2625000000E+01
    0.0000000000E+00    0.1000000000E+01    0.0000000000E+00
    0.0000000000E+00    0.1000000000E+01    0.0000000000E+00
       36.       34.       35.
    0.1550000000E+00    0.0000000000E+00    0.6025000000E+00    0.2625000000E+01
    0.0000000000E+00    0.1000000000E+01    0.0000000000E+00
    0.0000000000E+00    0.1000000000E+01    0.0000000000E+00
       37.        6.       19.
    0.1500000000E+00    0.7250000000E+00    0.7500000000E-01    0.2625000000E+01
    0.0000000000E+00    0.1000000000E+01    0.0000000000E+00
    0.0000000000E+00    0.1000000000E+01    0.0000000000E+00
       38.       19.       27.
    0.5000000000E-01    0.7250000000E+00    0.1750000000E+00    0.2625000000E+01
    0.0000000000E+00    0.1000000000E+01    0.0000000000E+00
    0.0000000000E+00    0.1000000000E+01    0.0000000000E+00
       39.        7.       20.
    0.1500000000E+00    0.7750000000E+00    0.7500000000E-01    0.2625000000E+01
    0.0000000000E+00    0.1000000000E+01    0.0000000000E+00
    0.0000000000E+00    0.1000000000E+01    0.0000000000E+00
       40.       20.       28.
    0.5000000000E-01    0.7750000000E+00    0.1750000000E+00    0.2625000000E+01
    0.0000000000E+00    0.1000000000E+01    0.0000000000E+00
    0.0000000000E+00    0.1000000000E+01    0.0000000000E+00
       41.       11.       21.
    0.1500000000E+00    0.1075000000E+01    0.7500000000E-01    0.2625000000E+01
    0.0000000000E+00    0.1000000000E+01    0.0000000000E+00
    0.0000000000E+00    0.1000000000E+01    0.0000000000E+00
       42.       21.       29.
    0.5000000000E-01    0.1075000000E+01    0.1750000000E+00    0.2625000000E+01
    0.0000000000E+00    0.1000000000E+01    0.0000000000E+00
    0.0000000000E+00    0.1000000000E+01    0.0000000000E+00
       43.       12.       22.
    0.1500000000E+00    0.1125000000E+01    0.7500000000E-01    0.2625000000E+01
    0.0000000000E+00    0.1000000000E+01    0.0000000000E+00
    0.0000000000E+00    0.1000000000E+01    0.0000000000E+00
       44.       22.       30.
    0.5000000000E-01    0.1125000000E+01    0.1750000000E+00    0.2625000000E+01
    0.0000000000E+00    0.1000000000E+01    0.0000000000E+00
    0.0000000000E+00    0.1000000000E+01    0.0000000000E+00
       45.       30.       38.
    0.1800000000E+00    0.1125000000E+01    0.2900000000E+00    0.2625000000E+01
    0.0000000000E+00    0.1000000000E+01    0.0000000000E+00
    0.0000000000E+00    0.1000000000E+01    0.0000000000E+00
       46.       15.       16.
    0.3000000000E-01    0.3689512163E+00    0.1100000000E+00    0.2625000000E+01
    0.9583148475E+00    0.2857142857E+00    0.0000000000E+00
    0.9583148475E+00    0.2857142857E+00    0.0000000000E+00
       47.       16.       17.
    0.5000000000E-01    0.4072838102E+00    0.1214285714E+00    0.2625000000E+01
    0.9583148475E+00    0.2857142857E+00    0.0000000000E+00
    0.9583148475E+00    0.2857142857E+00    0.0000000000E+00
       48.       17.       18.
    0.7500000000E-01    0.4671784882E+00    0.1392857143E+00    0.2625000000E+01
    0.9583148475E+00    0.2857142857E+00    0.0000000000E+00
    0.9583148475E+00    0.2857142857E+00    0.0000000000E+00
       49.       23.       24.
    0.3000000000E-01    0.3559689437E+00    0.1466666667E+00    0.2625000000E+01
    0.9245946590E+00    0.3809523810E+00    0.0000000000E+00
    0.9245946590E+00    0.3809523810E+00    0.0000000000E+00
       50.       24.       25.
    0.5000000000E-01    0.3929527301E+00    0.1619047619E+00    0.2625000000E+01
    0.9245946590E+00    0.3809523810E+00    0.0000000000E+00
    0.9245946590E+00    0.3809523810E+00    0.0000000000E+00
       51.       25.       26.
    0.7500000000E-01    0.4507398963E+00    0.1857142857E+00    0.2625000000E+01
    0.9245946590E+00    0.3809523810E+00    0.0000000000E+00
    0.9245946590E+00    0.3809523810E+00    0.0000000000E+00
       52.       26.       37.
    0.4137066064E+00    0.6004947500E+00    0.3718845392E+00    0.2625000000E+01
    0.5563486403E+00    0.8309489698E+00    0.0000000000E+00
    0.5563486403E+00    0.8309489698E+00    0.0000000000E+00
       53.       13.       20.
    0.7879870102E-01    0.8028595479E+00    0.1221404521E+00    0.2625000000E+01
   -0.7071067812E+00    0.7071067812E+00    0.0000000000E+00
   -0.7071067812E+00    0.7071067812E+00    0.0000000000E+00
       54.       14.       21.
    0.7879870102E-01    0.1047140452E+01    0.1221404521E+00    0.2625000000E+01
    0.7071067812E+00    0.7071067812E+00    0.0000000000E+00
    0.7071067812E+00    0.7071067812E+00    0.0000000000E+00
       55.       36.       37.
    0.3668129822E+00    0.5452886520E+00    0.6118845392E+00    0.2625000000E+01
    0.9284766909E+00   -0.3713906764E+00    0.0000000000E+00
    0.9284766909E+00   -0.3713906764E+00    0.0000000000E+00
       56.       37.       38.
    0.4409617388E+00    0.9202886520E+00    0.4618845392E+00    0.2625000000E+01
    0.9284766909E+00   -0.3713906764E+00    0.0000000000E+00
    0.9284766909E+00   -0.3713906764E+00    0.0000000000E+00
       57.       39.       40.
    0.4365889727E+00    0.2058489969E+00    0.3074511188E+00    0.2525000000E+01
   -0.3809523810E+00    0.9245946590E+00   -0.2696692822E-15
   -0.1000000000E+01   -0.4719212438E-15    0.2696692822E-15
       58.       40.       41.
    0.3000000000E-01    0.0000000000E+00    0.3850000000E+00    0.2525000000E+01
    0.0000000000E+00    0.1000000000E+01    0.0000000000E+00
    0.0000000000E+00    0.1000000000E+01    0.0000000000E+00
       59.       42.       41.
    0.4719880786E+00    0.2225394561E+00    0.3323795879E+00    0.2525000000E+01
   -0.3809523810E+00    0.9245946590E+00   -0.2494440860E-15
   -0.1000000000E+01    0.1247220430E-15    0.2494440860E-15
       60.       39.       42.
    0.3000000000E-01    0.3559689437E+00    0.1466666667E+00    0.2525000000E+01
    0.9245946590E+00    0.3809523810E+00    0.0000000000E+00
    0.9245946590E+00    0.3809523810E+00    0.0000000000E+00
       61.       23.       39.
    0.1000000000E+00    0.3421000238E+00    0.1409523810E+00    0.2575000000E+01
    0.0000000000E+00    0.0000000000E+00   -0.1000000000E+01
    0.0000000000E+00    0.0000000000E+00   -0.1000000000E+01
       62.       31.       40.
    0.1000000000E+00    0.0000000000E+00    0.3700000000E+00    0.2575000000E+01
    0.0000000000E+00    0.0000000000E+00   -0.1000000000E+01
    0.0000000000E+00    0.0000000000E+00   -0.1000000000E+01
       63.       32.       41.
    0.1000000000E+00    0.0000000000E+00    0.4000000000E+00    0.2575000000E+01
    0.0000000000E+00    0.0000000000E+00   -0.1000000000E+01
    0.0000000000E+00    0.0000000000E+00   -0.1000000000E+01
       64.       24.       42.
    0.1000000000E+00    0.3698378636E+00    0.1523809524E+00    0.2575000000E+01
    0.0000000000E+00    0.0000000000E+00   -0.1000000000E+01
    0.0000000000E+00    0.0000000000E+00   -0.1000000000E+01
       65.       41.       43.
    0.5000000000E-01    0.0000000000E+00    0.4250000000E+00    0.2525000000E+01
    0.0000000000E+00    0.1000000000E+01    0.0000000000E+00
    0.0000000000E+00    0.1000000000E+01    0.0000000000E+00
       66.       44.       43.
    0.5309865884E+00    0.2503568881E+00    0.3739270364E+00    0.2525000000E+01
   -0.3809523810E+00    0.9245946590E+00   -0.1330368459E-14
   -0.1000000000E+01    0.5543201912E-15    0.1330368459E-14
       67.       42.       44.
    0.5000000000E-01    0.3929527301E+00    0.1619047619E+00    0.2525000000E+01
    0.9245946590E+00    0.3809523810E+00    0.0000000000E+00
    0.9245946590E+00    0.3809523810E+00    0.0000000000E+00
       68.       33.       43.
    0.1000000000E+00    0.0000000000E+00    0.4500000000E+00    0.2575000000E+01
    0.0000000000E+00    0.0000000000E+00   -0.1000000000E+01
    0.0000000000E+00    0.0000000000E+00   -0.1000000000E+01
       69.       25.       44.
    0.1000000000E+00    0.4160675965E+00    0.1714285714E+00    0.2575000000E+01
    0.0000000000E+00    0.0000000000E+00   -0.1000000000E+01
    0.0000000000E+00    0.0000000000E+00   -0.1000000000E+01
       70.       43.       45.
    0.7500000000E-01    0.0000000000E+00    0.4875000000E+00    0.2525000000E+01
    0.0000000000E+00    0.1000000000E+01    0.0000000000E+00
    0.0000000000E+00    0.1000000000E+01    0.0000000000E+00
       71.       46.       45.
    0.6194843531E+00    0.2920830361E+00    0.4362482092E+00    0.2525000000E+01
   -0.3809523810E+00    0.9245946590E+00   -0.1900526370E-15
   -0.1000000000E+01   -0.2850789554E-15    0.1900526370E-15
       72.       44.       46.
    0.7500000000E-01    0.4507398963E+00    0.1857142857E+00    0.2525000000E+01
    0.9245946590E+00    0.3809523810E+00    0.0000000000E+00
    0.9245946590E+00    0.3809523810E+00    0.0000000000E+00
       73.       34.       45.
    0.1000000000E+00    0.0000000000E+00    0.5250000000E+00    0.2575000000E+01
    0.0000000000E+00    0.0000000000E+00   -0.1000000000E+01
    0.0000000000E+00    0.0000000000E+00   -0.1000000000E+01
       74.       26.       46.
    0.1000000000E+00    0.4854121960E+00    0.2000000000E+00    0.2575000000E+01
    0.0000000000E+00    0.0000000000E+00   -0.1000000000E+01
    0.0000000000E+00    0.0000000000E+00   -0.1000000000E+01
       75.       45.       47.
    0.1550000000E+00    0.0000000000E+00    0.6025000000E+00    0.2525000000E+01
    0.0000000000E+00    0.1000000000E+01    0.0000000000E+00
    0.0000000000E+00    0.1000000000E+01    0.0000000000E+00
       76.       47.       48.
    0.3750000000E+00    0.1875000000E+00    0.6800000000E+00    0.2525000000E+01
    0.1000000000E+01    0.0000000000E+00    0.0000000000E+00
    0.1000000000E+01    0.0000000000E+00    0.0000000000E+00
       77.       48.       49.
    0.3668129822E+00    0.5452886520E+00    0.6118845392E+00    0.2525000000E+01
    0.9284766909E+00   -0.3713906764E+00    0.0000000000E+00
    0.9284766909E+00   -0.3713906764E+00    0.0000000000E+00
       78.       46.       49.
    0.4137066064E+00    0.6004947500E+00    0.3718845392E+00    0.2525000000E+01
    0.5563486403E+00    0.8309489698E+00    0.0000000000E+00
    0.5563486403E+00    0.8309489698E+00    0.0000000000E+00
       79.       35.       47.
    0.1000000000E+00    0.0000000000E+00    0.6800000000E+00    0.2575000000E+01
    0.0000000000E+00    0.0000000000E+00   -0.1000000000E+01
    0.0000000000E+00    0.0000000000E+00   -0.1000000000E+01
       80.       36.       48.
    0.1000000000E+00    0.3750000000E+00    0.6800000000E+00    0.2575000000E+01
    0.0000000000E+00    0.0000000000E+00   -0.1000000000E+01
    0.0000000000E+00    0.0000000000E+00   -0.1000000000E+01
       81.       37.       49.
    0.1000000000E+00    0.7155773039E+00    0.5437690784E+00    0.2575000000E+01
    0.0000000000E+00    0.0000000000E+00   -0.1000000000E+01
    0.0000000000E+00    0.0000000000E+00   -0.1000000000E+01
       82.       49.       50.
    0.4409617388E+00    0.9202886520E+00    0.4618845392E+00    0.2525000000E+01
    0.9284766909E+00   -0.3713906764E+00    0.0000000000E+00
    0.9284766909E+00   -0.3713906764E+00    0.0000000000E+00
       83.       51.       50.
    0.1800000000E+00    0.1125000000E+01    0.2900000000E+00    0.2525000000E+01
    0.0000000000E+00    0.1000000000E+01    0.0000000000E+00
    0.0000000000E+00    0.1000000000E+01    0.0000000000E+00
       84.       52.       51.
    0.5000000000E-01    0.1100000000E+01    0.2000000000E+00    0.2525000000E+01
    0.1000000000E+01    0.0000000000E+00    0.0000000000E+00
    0.1000000000E+01    0.0000000000E+00    0.0000000000E+00
       85.       53.       52.
    0.3000000000E+00    0.9250000000E+00    0.2000000000E+00    0.2525000000E+01
    0.1000000000E+01    0.0000000000E+00    0.0000000000E+00
    0.1000000000E+01    0.0000000000E+00    0.0000000000E+00
       86.       54.       53.
    0.5000000000E-01    0.7500000000E+00    0.2000000000E+00    0.2525000000E+01
    0.1000000000E+01    0.0000000000E+00    0.0000000000E+00
    0.1000000000E+01    0.0000000000E+00    0.0000000000E+00
       87.       46.       54.
    0.2395878040E+00    0.6052060980E+00    0.2000000000E+00    0.2525000000E+01
    0.1000000000E+01    0.0000000000E+00    0.0000000000E+00
    0.1000000000E+01    0.0000000000E+00    0.0000000000E+00
       88.       38.       50.
    0.1000000000E+00    0.1125000000E+01    0.3800000000E+00    0.2575000000E+01
    0.0000000000E+00    0.0000000000E+00   -0.1000000000E+01
    0.0000000000E+00    0.0000000000E+00   -0.1000000000E+01
       89.       30.       51.
    0.1000000000E+00    0.1125000000E+01    0.2000000000E+00    0.2575000000E+01
    0.0000000000E+00    0.0000000000E+00   -0.1000000000E+01
    0.0000000000E+00    0.0000000000E+00   -0.1000000000E+01
       90.       29.       52.
    0.1000000000E+00    0.1075000000E+01    0.2000000000E+00    0.2575000000E+01
    0.0000000000E+00    0.0000000000E+00   -0.1000000000E+01
    0.0000000000E+00    0.0000000000E+00   -0.1000000000E+01
       91.       28.       53.
    0.1000000000E+00    0.7750000000E+00    0.2000000000E+00    0.2575000000E+01
    0.0000000000E+00    0.0000000000E+00   -0.1000000000E+01
    0.0000000000E+00    0.0000000000E+00   -0.1000000000E+01
       92.       27.       54.
    0.1000000000E+00    0.7250000000E+00    0.2000000000E+00    0.2575000000E+01
    0.0000000000E+00    0.0000000000E+00   -0.1000000000E+01
    0.0000000000E+00    0.0000000000E+00   -0.1000000000E+01
       93.       49.       47.
    0.7418129822E+00    0.3709064911E+00    0.6800000000E+00    0.2525000000E+01
   -0.9284766909E+00    0.3713906764E+00    0.0000000000E+00
   -0.1000000000E+01    0.0000000000E+00    0.0000000000E+00
       94.       35.       37.
    0.7418129822E+00    0.3709064911E+00    0.6800000000E+00    0.2625000000E+01
    0.1000000000E+01    0.0000000000E+00    0.0000000000E+00
    0.9284766909E+00   -0.3713906764E+00    0.0000000000E+00
    -9876.

     9999.
       30.
       47.
        1.        4.        0.
        1.
        4.
       16.
       46.
        1.
       46.
        2.        4.        0.
        2.
        5.
       46.
       49.
        2.
       49.
        3.        4.        0.
        3.
        6.
       33.
       49.
        3.
       33.
        4.        4.        0.
        4.
        7.
       17.
       47.
        4.
       47.
        5.        4.        0.
        5.
        8.
       47.
       50.
        5.
       50.
        6.        4.        0.
        6.
        9.
       34.
       50.
        6.
       34.
        7.        4.        0.
        7.
       10.
       18.
       48.
        7.
       48.
        8.        4.        0.
        8.
       11.
       48.
       51.
        8.
       51.
        9.        4.        0.
        9.
       12.
       35.
       51.
        9.
       35.
       10.        4.        0.
       10.
       19.
       24.
       37.
       10.
       24.
       11.        4.        0.
       20.
       25.
       37.
       39.
       37.
       25.
       12.        4.        0.
       13.
       21.
       39.
       53.
       39.
       53.
       13.        4.        0.
       14.
       26.
       53.
       54.
       53.
       26.
       14.        4.        0.
       15.
       22.
       41.
       54.
       54.
       41.
       15.        4.        0.
       23.
       27.
       41.
       43.
       41.
       27.
       16.        4.        0.
       11.
       24.
       28.
       38.
       11.
       28.
       17.        4.        0.
       25.
       29.
       38.
       40.
       38.
       29.
       18.        4.        0.
       26.
       30.
       40.
       42.
       40.
       30.
       19.        4.        0.
       27.
       31.
       42.
       44.
       42.
       31.
       20.        6.        1.
       12.
       32.
       36.
       52.
       55.
       94.
       94.
       36.
       94.
       21.        7.        0.
       28.
       29.
       30.
       31.
       45.
       52.
       56.
       52.
       56.
       22.        4.        0.
       57.
       58.
       59.
       60.
       57.
       58.
       23.        4.        0.
        3.
       57.
       61.
       62.
        3.
       62.
       24.        4.        0.
       33.
       58.
       62.
       63.
       33.
       63.
       25.        4.        0.
        6.
       59.
       63.
       64.
        6.
       64.
       26.        4.        0.
       49.
       60.
       61.
       64.
       49.
       61.
       27.        4.        0.
       59.
       65.
       66.
       67.
       59.
       65.
       28.        4.        0.
       34.
       63.
       65.
       68.
       34.
       68.
       29.        4.        0.
        9.
       66.
       68.
       69.
        9.
       69.
       30.        4.        0.
       50.
       64.
       67.
       69.
       50.
       64.
       31.        4.        0.
       66.
       70.
       71.
       72.
       66.
       70.
       32.        4.        0.
       35.
       68.
       70.
       73.
       35.
       73.
       33.        4.        0.
       12.
       71.
       73.
       74.
       12.
       74.
       34.        4.        0.
       51.
       69.
       72.
       74.
       51.
       69.
       35.        6.        1.
       71.
       75.
       76.
       77.
       78.
       93.
       93.
       75.
       93.
       36.        4.        0.
       36.
       73.
       75.
       79.
       36.
       79.
       37.        4.        0.
       32.
       76.
       79.
       80.
       32.
       80.
       38.        4.        0.
       55.
       77.
       80.
       81.
       55.
       81.
       39.        4.        0.
       52.
       74.
       78.
       81.
       52.
       74.
       40.        7.        0.
       78.
       82.
       83.
       84.
       85.
       86.
       87.
       78.
       82.
       41.        4.        0.
       56.
       81.
       82.
       88.
       56.
       88.
       42.        4.        0.
       45.
       83.
       88.
       89.
       45.
       89.
       43.        4.        0.
       31.
       84.
       89.
       90.
       31.
       90.
       44.        4.        0.
       30.
       85.
       90.
       91.
       30.
       91.
       45.        4.        0.
       29.
       86.
       91.
       92.
       29.
       92.
       46.        4.        0.
       28.
       74.
       87.
       92.
       28.
       74.
       47.        9.        2.
       32.
       55.
       76.
       77.
       79.
       80.
       81.
       93.
       94.
       93.
       94.
       94.
       81.
    -9876.

     9999.
       40.
        5.
        1.        6.        0.
        3.
       22.
       23.
       24.
       25.
       26.
        3.
       22.
        2.        6.        0.
        6.
       25.
       27.
       28.
       29.
       30.
        6.
       27.
        3.        6.        0.
        9.
       29.
       31.
       32.
       33.
       34.
        9.
       31.
        4.        8.        1.
       20.
       33.
       35.
       36.
       37.
       38.
       39.
       47.
       47.
       20.
       35.
        5.        9.        0.
       21.
       39.
       40.
       41.
       42.
       43.
       44.
       45.
       46.
       21.
       40.
    -9876.

