     9999.
       10.
        7.
        1.    0.0000000000E+00    0.0000000000E+00    0.0000000000E+00
        2.    0.1000000000E+01    0.0000000000E+00    0.0000000000E+00
        3.    0.1000000000E+01    0.2000000000E+01    0.0000000000E+00
        4.    0.0000000000E+00    0.2000000000E+01    0.0000000000E+00
        5.    0.2000000000E+01    0.1000000000E+01    0.0000000000E+00
        6.    0.2000000000E+01    0.0000000000E+00    0.0000000000E+00
        7.    0.1000000000E+01    0.1000000000E+01    0.0000000000E+00
    -9876.

     9999.
       20.
        8.
        1.        1.        2.    0.1000000000E+01
    0.5000000000E+00    0.0000000000E+00    0.0000000000E+00
    0.1000000000E+01    0.0000000000E+00    0.0000000000E+00
    0.1000000000E+01    0.0000000000E+00    0.0000000000E+00
        2.        2.        3.    0.2000000000E+01
    0.1000000000E+01    0.1000000000E+01    0.0000000000E+00
    0.0000000000E+00    0.1000000000E+01    0.0000000000E+00
    0.0000000000E+00    0.1000000000E+01    0.0000000000E+00
        3.        3.        4.    0.1000000000E+01
    0.5000000000E+00    0.2000000000E+01    0.0000000000E+00
   -0.1000000000E+01    0.0000000000E+00    0.0000000000E+00
   -0.1000000000E+01    0.0000000000E+00    0.0000000000E+00
        4.        4.        1.    0.2000000000E+01
    0.0000000000E+00    0.1000000000E+01    0.0000000000E+00
    0.0000000000E+00   -0.1000000000E+01    0.0000000000E+00
    0.0000000000E+00   -0.1000000000E+01    0.0000000000E+00
        5.        2.        7.    0.1000000000E+01
    0.1000000000E+01    0.5000000000E+00    0.0000000000E+00
    0.0000000000E+00    0.1000000000E+01    0.0000000000E+00
    0.0000000000E+00    0.1000000000E+01    0.0000000000E+00
        6.        7.        5.    0.1000000000E+01
    0.1500000000E+01    0.1000000000E+01    0.0000000000E+00
    0.1000000000E+01    0.0000000000E+00    0.0000000000E+00
    0.1000000000E+01    0.0000000000E+00    0.0000000000E+00
        7.        5.        6.    0.1000000000E+01
    0.2000000000E+01    0.5000000000E+00    0.0000000000E+00
    0.0000000000E+00   -0.1000000000E+01    0.0000000000E+00
    0.0000000000E+00   -0.1000000000E+01    0.0000000000E+00
        8.        6.        2.    0.1000000000E+01
    0.1500000000E+01    0.0000000000E+00    0.0000000000E+00
   -0.1000000000E+01    0.0000000000E+00    0.0000000000E+00
   -0.1000000000E+01    0.0000000000E+00    0.0000000000E+00
    -9876.

     9999.
       30.
        2.
        1.        4.        0.
         L        1.
        1.
        2.
        3.
        4.
        2.        4.        0.
         L        1.
        5.
        6.
        7.
        8.
    -9876.

