     9999.
       10.
        6.
        1.    0.7000000000E+00    0.5000000000E-01    0.0000000000E+00
        2.    0.1000000000E+00    0.6000000000E+00    0.0000000000E+00
        3.    0.3500000000E+00    0.9500000000E+00    0.0000000000E+00
        4.    0.1000000000E+01    0.2000000000E+00    0.0000000000E+00
        5.    0.5000000000E+00    0.4500000000E+00    0.0000000000E+00
        6.    0.3000000000E+00    0.7500000000E+00    0.0000000000E+00
    -9876.

     9999.
       20.
        4.
        1.        1.        2.    0.8951937906E+00
    0.5079898170E+00    0.4428070734E+00    0.0000000000E+00
   -0.8038418992E-01    0.9967639550E+00    0.0000000000E+00
   -0.9999793226E+00   -0.6430735194E-02    0.0000000000E+00
        2.        2.        3.    0.4653962565E+00
    0.2871321095E+00    0.7306199219E+00    0.0000000000E+00
    0.9642414253E+00    0.2650254210E+00    0.0000000000E+00
   -0.6202722619E-01    0.9980744577E+00    0.0000000000E+00
        3.        3.        4.    0.9924716621E+00
    0.6750000000E+00    0.5750000000E+00    0.0000000000E+00
    0.6549305384E+00   -0.7556890828E+00    0.0000000000E+00
    0.6549305384E+00   -0.7556890828E+00    0.0000000000E+00
        4.        4.        1.    0.3354101966E+00
    0.8500000000E+00    0.1250000000E+00    0.0000000000E+00
   -0.8944271910E+00   -0.4472135955E+00    0.0000000000E+00
   -0.8944271910E+00   -0.4472135955E+00    0.0000000000E+00
    -9876.

     9999.
       30.
        1.
        1.        4.        0.
         L        1.
        1.
        2.
        3.
        4.
    -9876.

