     9999.
       10.
       74.
        1.    0.0000000000E+00    0.0000000000E+00    0.2625000000E+01
        2.    0.3700000000E+00    0.0000000000E+00    0.2625000000E+01
        3.    0.4000000000E+00    0.0000000000E+00    0.2625000000E+01
        4.    0.4500000000E+00    0.0000000000E+00    0.2625000000E+01
        5.    0.5250000000E+00    0.0000000000E+00    0.2625000000E+01
        6.    0.7250000000E+00    0.0000000000E+00    0.2625000000E+01
        7.    0.7750000000E+00    0.0000000000E+00    0.2625000000E+01
        8.    0.7916666667E+00    0.0000000000E+00    0.2625000000E+01
        9.    0.9250000000E+00    0.0000000000E+00    0.2625000000E+01
       10.    0.1058333333E+01    0.0000000000E+00    0.2625000000E+01
       11.    0.1075000000E+01    0.0000000000E+00    0.2625000000E+01
       12.    0.1125000000E+01    0.0000000000E+00    0.2625000000E+01
       13.    0.8307190958E+00    0.9428090416E-01    0.2625000000E+01
       14.    0.1019280904E+01    0.9428090416E-01    0.2625000000E+01
       15.    0.3545764936E+00    0.1057142857E+00    0.2625000000E+01
       16.    0.3833259390E+00    0.1142857143E+00    0.2625000000E+01
       17.    0.4312416814E+00    0.1285714286E+00    0.2625000000E+01
       18.    0.5031152949E+00    0.1500000000E+00    0.2625000000E+01
       19.    0.7250000000E+00    0.1500000000E+00    0.2625000000E+01
       20.    0.7750000000E+00    0.1500000000E+00    0.2625000000E+01
       21.    0.1075000000E+01    0.1500000000E+00    0.2625000000E+01
       22.    0.1125000000E+01    0.1500000000E+00    0.2625000000E+01
       23.    0.3421000238E+00    0.1409523810E+00    0.2625000000E+01
       24.    0.3698378636E+00    0.1523809524E+00    0.2625000000E+01
       25.    0.4160675965E+00    0.1714285714E+00    0.2625000000E+01
       26.    0.4854121960E+00    0.2000000000E+00    0.2625000000E+01
       27.    0.7250000000E+00    0.2000000000E+00    0.2625000000E+01
       28.    0.7750000000E+00    0.2000000000E+00    0.2625000000E+01
       29.    0.1075000000E+01    0.2000000000E+00    0.2625000000E+01
       30.    0.1125000000E+01    0.2000000000E+00    0.2625000000E+01
       31.    0.0000000000E+00    0.3700000000E+00    0.2625000000E+01
       32.    0.0000000000E+00    0.4000000000E+00    0.2625000000E+01
       33.    0.0000000000E+00    0.4500000000E+00    0.2625000000E+01
       34.    0.0000000000E+00    0.5250000000E+00    0.2625000000E+01
       35.    0.0000000000E+00    0.6800000000E+00    0.2625000000E+01
       36.    0.3750000000E+00    0.6800000000E+00    0.2625000000E+01
       37.    0.7155773039E+00    0.5437690784E+00    0.2625000000E+01
       38.    0.1125000000E+01    0.3800000000E+00    0.2625000000E+01
       39.    0.3700000000E+00    0.0000000000E+00    0.2525000000E+01
       40.    0.3545764936E+00    0.1057142857E+00    0.2525000000E+01
       41.    0.3833259390E+00    0.1142857143E+00    0.2525000000E+01
       42.    0.4000000000E+00    0.0000000000E+00    0.2525000000E+01
       43.    0.3421000238E+00    0.1409523810E+00    0.2525000000E+01
       44.    0.3698378636E+00    0.1523809524E+00    0.2525000000E+01
       45.    0.0000000000E+00    0.3700000000E+00    0.2525000000E+01
       46.    0.0000000000E+00    0.4000000000E+00    0.2525000000E+01
       47.    0.4312416814E+00    0.1285714286E+00    0.2525000000E+01
       48.    0.4500000000E+00    0.0000000000E+00    0.2525000000E+01
       49.    0.4160675965E+00    0.1714285714E+00    0.2525000000E+01
       50.    0.0000000000E+00    0.4500000000E+00    0.2525000000E+01
       51.    0.5031152949E+00    0.1500000000E+00    0.2525000000E+01
       52.    0.5250000000E+00    0.0000000000E+00    0.2525000000E+01
       53.    0.4854121960E+00    0.2000000000E+00    0.2525000000E+01
       54.    0.0000000000E+00    0.5250000000E+00    0.2525000000E+01
       55.    0.7250000000E+00    0.1500000000E+00    0.2525000000E+01
       56.    0.7250000000E+00    0.0000000000E+00    0.2525000000E+01
       57.    0.7750000000E+00    0.1500000000E+00    0.2525000000E+01
       58.    0.7750000000E+00    0.0000000000E+00    0.2525000000E+01
       59.    0.8307190958E+00    0.9428090416E-01    0.2525000000E+01
       60.    0.7916666667E+00    0.0000000000E+00    0.2525000000E+01
       61.    0.1075000000E+01    0.1500000000E+00    0.2525000000E+01
       62.    0.1019280904E+01    0.9428090416E-01    0.2525000000E+01
       63.    0.1075000000E+01    0.0000000000E+00    0.2525000000E+01
       64.    0.1058333333E+01    0.0000000000E+00    0.2525000000E+01
       65.    0.1125000000E+01    0.1500000000E+00    0.2525000000E+01
       66.    0.1125000000E+01    0.0000000000E+00    0.2525000000E+01
       67.    0.7250000000E+00    0.2000000000E+00    0.2525000000E+01
       68.    0.7750000000E+00    0.2000000000E+00    0.2525000000E+01
       69.    0.1075000000E+01    0.2000000000E+00    0.2525000000E+01
       70.    0.1125000000E+01    0.2000000000E+00    0.2525000000E+01
       71.    0.0000000000E+00    0.6800000000E+00    0.2525000000E+01
       72.    0.3750000000E+00    0.6800000000E+00    0.2525000000E+01
       73.    0.7155773039E+00    0.5437690784E+00    0.2525000000E+01
       74.    0.1125000000E+01    0.3800000000E+00    0.2525000000E+01
    -9876.

     9999.
       20.
      149.
        1.        2.       15.    0.1072081295E+00
    0.3661238196E+00    0.5341674540E-01    0.2625000000E+01
   -0.4871291193E-16    0.1000000000E+01   -0.2598021970E-15
   -0.2857142857E+00    0.9583148475E+00    0.2598021970E-15
        2.       15.       23.    0.3739753878E-01
    0.3487835623E+00    0.1234909984E+00    0.2625000000E+01
   -0.2857142857E+00    0.9583148475E+00   -0.9652403106E-14
   -0.3809523810E+00    0.9245946590E+00    0.9652403106E-14
        3.       23.       31.    0.4365889727E+00
    0.2058489969E+00    0.3074511188E+00    0.2625000000E+01
   -0.3809523810E+00    0.9245946590E+00    0.2696692822E-15
   -0.1000000000E+01   -0.4719212438E-15   -0.2696692822E-15
        4.        3.       16.    0.1159006806E+00
    0.3958095348E+00    0.5774783286E-01    0.2625000000E+01
    0.9612681287E-15    0.1000000000E+01    0.2403170322E-14
   -0.2857142857E+00    0.9583148475E+00   -0.2403170322E-14
        5.       16.       24.    0.4042977166E-01
    0.3770633106E+00    0.1335037821E+00    0.2625000000E+01
   -0.2857142857E+00    0.9583148475E+00   -0.8928472873E-14
   -0.3809523810E+00    0.9245946590E+00    0.8928472873E-14
        6.       24.       32.    0.4719880786E+00
    0.2225394561E+00    0.3323795879E+00    0.2625000000E+01
   -0.3809523810E+00    0.9245946590E+00   -0.9977763441E-15
   -0.1000000000E+01    0.3118051075E-15    0.9977763441E-15
        7.        4.       17.    0.1303882656E+00
    0.4452857266E+00    0.6496631197E-01    0.2625000000E+01
   -0.8010567739E-16    0.1000000000E+01   -0.2136151397E-15
   -0.2857142857E+00    0.9583148475E+00    0.2136151397E-15
        8.       17.       25.    0.4548349311E-01
    0.4241962244E+00    0.1501917548E+00    0.2625000000E+01
   -0.2857142857E+00    0.9583148475E+00   -0.7936420332E-14
   -0.3809523810E+00    0.9245946590E+00    0.7936420332E-14
        9.       25.       33.    0.5309865884E+00
    0.2503568881E+00    0.3739270364E+00    0.2625000000E+01
   -0.3809523810E+00    0.9245946590E+00   -0.8869123058E-15
   -0.1000000000E+01    0.3325921147E-15    0.8869123058E-15
       10.        5.       18.    0.1521196433E+00
    0.5195000144E+00    0.7579403063E-01    0.2625000000E+01
   -0.3318663778E-15    0.1000000000E+01   -0.1830986912E-15
   -0.2857142857E+00    0.9583148475E+00    0.1830986912E-15
       11.       18.       26.    0.5306407530E-01
    0.4948955951E+00    0.1752237139E+00    0.2625000000E+01
   -0.2857142857E+00    0.9583148475E+00   -0.6802645998E-14
   -0.3809523810E+00    0.9245946590E+00    0.6802645998E-14
       12.       26.       34.    0.6194843531E+00
    0.2920830361E+00    0.4362482092E+00    0.2625000000E+01
   -0.3809523810E+00    0.9245946590E+00    0.1900526370E-15
   -0.1000000000E+01   -0.2850789554E-15   -0.1900526370E-15
       13.        8.       13.    0.1047197551E+00
    0.8018160623E+00    0.5102445765E-01    0.2625000000E+01
   -0.1359915269E-15    0.1000000000E+01    0.5439661075E-15
    0.7071067812E+00    0.7071067812E+00   -0.5439661075E-15
       14.       13.       14.    0.2094395103E+00
    0.9250000001E+00    0.1333333333E+00    0.2625000000E+01
    0.7071067812E+00    0.7071067812E+00    0.0000000000E+00
    0.7071067812E+00   -0.7071067812E+00    0.0000000000E+00
       15.       14.       10.    0.1047197551E+00
    0.1048183938E+01    0.5102445765E-01    0.2625000000E+01
    0.7071067812E+00   -0.7071067812E+00    0.5439661075E-15
    0.0000000000E+00   -0.1000000000E+01   -0.5439661075E-15
       16.        2.        3.    0.3000000000E-01
    0.3850000000E+00    0.0000000000E+00    0.2625000000E+01
    0.1000000000E+01    0.0000000000E+00    0.0000000000E+00
    0.1000000000E+01    0.0000000000E+00    0.0000000000E+00
       17.        3.        4.    0.5000000000E-01
    0.4250000000E+00    0.0000000000E+00    0.2625000000E+01
    0.1000000000E+01    0.0000000000E+00    0.0000000000E+00
    0.1000000000E+01    0.0000000000E+00    0.0000000000E+00
       18.        4.        5.    0.7500000000E-01
    0.4875000000E+00    0.0000000000E+00    0.2625000000E+01
    0.1000000000E+01    0.0000000000E+00    0.0000000000E+00
    0.1000000000E+01    0.0000000000E+00    0.0000000000E+00
       19.        5.        6.    0.2000000000E+00
    0.6250000000E+00    0.0000000000E+00    0.2625000000E+01
    0.1000000000E+01    0.0000000000E+00    0.0000000000E+00
    0.1000000000E+01    0.0000000000E+00    0.0000000000E+00
       20.        6.        7.    0.5000000000E-01
    0.7500000000E+00    0.0000000000E+00    0.2625000000E+01
    0.1000000000E+01    0.0000000000E+00    0.0000000000E+00
    0.1000000000E+01    0.0000000000E+00    0.0000000000E+00
       21.        7.        8.    0.1666666667E-01
    0.7833333333E+00    0.0000000000E+00    0.2625000000E+01
    0.1000000000E+01    0.0000000000E+00    0.0000000000E+00
    0.1000000000E+01    0.0000000000E+00    0.0000000000E+00
       22.       10.       11.    0.1666666667E-01
    0.1066666667E+01    0.0000000000E+00    0.2625000000E+01
    0.1000000000E+01    0.0000000000E+00    0.0000000000E+00
    0.1000000000E+01    0.0000000000E+00    0.0000000000E+00
       23.       11.       12.    0.5000000000E-01
    0.1100000000E+01    0.0000000000E+00    0.2625000000E+01
    0.1000000000E+01    0.0000000000E+00    0.0000000000E+00
    0.1000000000E+01    0.0000000000E+00    0.0000000000E+00
       24.       18.       19.    0.2218847051E+00
    0.6140576475E+00    0.1500000000E+00    0.2625000000E+01
    0.1000000000E+01    0.0000000000E+00    0.0000000000E+00
    0.1000000000E+01    0.0000000000E+00    0.0000000000E+00
       25.       19.       20.    0.5000000000E-01
    0.7500000000E+00    0.1500000000E+00    0.2625000000E+01
    0.1000000000E+01    0.0000000000E+00    0.0000000000E+00
    0.1000000000E+01    0.0000000000E+00    0.0000000000E+00
       26.       20.       21.    0.3000000000E+00
    0.9250000000E+00    0.1500000000E+00    0.2625000000E+01
    0.1000000000E+01    0.0000000000E+00    0.0000000000E+00
    0.1000000000E+01    0.0000000000E+00    0.0000000000E+00
       27.       21.       22.    0.5000000000E-01
    0.1100000000E+01    0.1500000000E+00    0.2625000000E+01
    0.1000000000E+01    0.0000000000E+00    0.0000000000E+00
    0.1000000000E+01    0.0000000000E+00    0.0000000000E+00
       28.       26.       27.    0.2395878040E+00
    0.6052060980E+00    0.2000000000E+00    0.2625000000E+01
    0.1000000000E+01    0.0000000000E+00    0.0000000000E+00
    0.1000000000E+01    0.0000000000E+00    0.0000000000E+00
       29.       27.       28.    0.5000000000E-01
    0.7500000000E+00    0.2000000000E+00    0.2625000000E+01
    0.1000000000E+01    0.0000000000E+00    0.0000000000E+00
    0.1000000000E+01    0.0000000000E+00    0.0000000000E+00
       30.       28.       29.    0.3000000000E+00
    0.9250000000E+00    0.2000000000E+00    0.2625000000E+01
    0.1000000000E+01    0.0000000000E+00    0.0000000000E+00
    0.1000000000E+01    0.0000000000E+00    0.0000000000E+00
       31.       29.       30.    0.5000000000E-01
    0.1100000000E+01    0.2000000000E+00    0.2625000000E+01
    0.1000000000E+01    0.0000000000E+00    0.0000000000E+00
    0.1000000000E+01    0.0000000000E+00    0.0000000000E+00
       32.       35.       36.    0.3750000000E+00
    0.1875000000E+00    0.6800000000E+00    0.2625000000E+01
    0.1000000000E+01    0.0000000000E+00    0.0000000000E+00
    0.1000000000E+01    0.0000000000E+00    0.0000000000E+00
       33.       31.       32.    0.3000000000E-01
    0.0000000000E+00    0.3850000000E+00    0.2625000000E+01
    0.0000000000E+00    0.1000000000E+01    0.0000000000E+00
    0.0000000000E+00    0.1000000000E+01    0.0000000000E+00
       34.       32.       33.    0.5000000000E-01
    0.0000000000E+00    0.4250000000E+00    0.2625000000E+01
    0.0000000000E+00    0.1000000000E+01    0.0000000000E+00
    0.0000000000E+00    0.1000000000E+01    0.0000000000E+00
       35.       33.       34.    0.7500000000E-01
    0.0000000000E+00    0.4875000000E+00    0.2625000000E+01
    0.0000000000E+00    0.1000000000E+01    0.0000000000E+00
    0.0000000000E+00    0.1000000000E+01    0.0000000000E+00
       36.       34.       35.    0.1550000000E+00
    0.0000000000E+00    0.6025000000E+00    0.2625000000E+01
    0.0000000000E+00    0.1000000000E+01    0.0000000000E+00
    0.0000000000E+00    0.1000000000E+01    0.0000000000E+00
       37.        6.       19.    0.1500000000E+00
    0.7250000000E+00    0.7500000000E-01    0.2625000000E+01
    0.0000000000E+00    0.1000000000E+01    0.0000000000E+00
    0.0000000000E+00    0.1000000000E+01    0.0000000000E+00
       38.       19.       27.    0.5000000000E-01
    0.7250000000E+00    0.1750000000E+00    0.2625000000E+01
    0.0000000000E+00    0.1000000000E+01    0.0000000000E+00
    0.0000000000E+00    0.1000000000E+01    0.0000000000E+00
       39.        7.       20.    0.1500000000E+00
    0.7750000000E+00    0.7500000000E-01    0.2625000000E+01
    0.0000000000E+00    0.1000000000E+01    0.0000000000E+00
    0.0000000000E+00    0.1000000000E+01    0.0000000000E+00
       40.       20.       28.    0.5000000000E-01
    0.7750000000E+00    0.1750000000E+00    0.2625000000E+01
    0.0000000000E+00    0.1000000000E+01    0.0000000000E+00
    0.0000000000E+00    0.1000000000E+01    0.0000000000E+00
       41.       11.       21.    0.1500000000E+00
    0.1075000000E+01    0.7500000000E-01    0.2625000000E+01
    0.0000000000E+00    0.1000000000E+01    0.0000000000E+00
    0.0000000000E+00    0.1000000000E+01    0.0000000000E+00
       42.       21.       29.    0.5000000000E-01
    0.1075000000E+01    0.1750000000E+00    0.2625000000E+01
    0.0000000000E+00    0.1000000000E+01    0.0000000000E+00
    0.0000000000E+00    0.1000000000E+01    0.0000000000E+00
       43.       12.       22.    0.1500000000E+00
    0.1125000000E+01    0.7500000000E-01    0.2625000000E+01
    0.0000000000E+00    0.1000000000E+01    0.0000000000E+00
    0.0000000000E+00    0.1000000000E+01    0.0000000000E+00
       44.       22.       30.    0.5000000000E-01
    0.1125000000E+01    0.1750000000E+00    0.2625000000E+01
    0.0000000000E+00    0.1000000000E+01    0.0000000000E+00
    0.0000000000E+00    0.1000000000E+01    0.0000000000E+00
       45.       30.       38.    0.1800000000E+00
    0.1125000000E+01    0.2900000000E+00    0.2625000000E+01
    0.0000000000E+00    0.1000000000E+01    0.0000000000E+00
    0.0000000000E+00    0.1000000000E+01    0.0000000000E+00
       46.       15.       16.    0.3000000000E-01
    0.3689512163E+00    0.1100000000E+00    0.2625000000E+01
    0.9583148475E+00    0.2857142857E+00    0.0000000000E+00
    0.9583148475E+00    0.2857142857E+00    0.0000000000E+00
       47.       16.       17.    0.5000000000E-01
    0.4072838102E+00    0.1214285714E+00    0.2625000000E+01
    0.9583148475E+00    0.2857142857E+00    0.0000000000E+00
    0.9583148475E+00    0.2857142857E+00    0.0000000000E+00
       48.       17.       18.    0.7500000000E-01
    0.4671784882E+00    0.1392857143E+00    0.2625000000E+01
    0.9583148475E+00    0.2857142857E+00    0.0000000000E+00
    0.9583148475E+00    0.2857142857E+00    0.0000000000E+00
       49.       23.       24.    0.3000000000E-01
    0.3559689437E+00    0.1466666667E+00    0.2625000000E+01
    0.9245946590E+00    0.3809523810E+00    0.0000000000E+00
    0.9245946590E+00    0.3809523810E+00    0.0000000000E+00
       50.       24.       25.    0.5000000000E-01
    0.3929527301E+00    0.1619047619E+00    0.2625000000E+01
    0.9245946590E+00    0.3809523810E+00    0.0000000000E+00
    0.9245946590E+00    0.3809523810E+00    0.0000000000E+00
       51.       25.       26.    0.7500000000E-01
    0.4507398963E+00    0.1857142857E+00    0.2625000000E+01
    0.9245946590E+00    0.3809523810E+00    0.0000000000E+00
    0.9245946590E+00    0.3809523810E+00    0.0000000000E+00
       52.       26.       37.    0.4137066064E+00
    0.6004947500E+00    0.3718845392E+00    0.2625000000E+01
    0.5563486403E+00    0.8309489698E+00    0.0000000000E+00
    0.5563486403E+00    0.8309489698E+00    0.0000000000E+00
       53.       13.       20.    0.7879870102E-01
    0.8028595479E+00    0.1221404521E+00    0.2625000000E+01
   -0.7071067812E+00    0.7071067812E+00    0.0000000000E+00
   -0.7071067812E+00    0.7071067812E+00    0.0000000000E+00
       54.       14.       21.    0.7879870102E-01
    0.1047140452E+01    0.1221404521E+00    0.2625000000E+01
    0.7071067812E+00    0.7071067812E+00    0.0000000000E+00
    0.7071067812E+00    0.7071067812E+00    0.0000000000E+00
       55.       36.       37.    0.3668129822E+00
    0.5452886520E+00    0.6118845392E+00    0.2625000000E+01
    0.9284766909E+00   -0.3713906764E+00    0.0000000000E+00
    0.9284766909E+00   -0.3713906764E+00    0.0000000000E+00
       56.       37.       38.    0.4409617388E+00
    0.9202886520E+00    0.4618845392E+00    0.2625000000E+01
    0.9284766909E+00   -0.3713906764E+00    0.0000000000E+00
    0.9284766909E+00   -0.3713906764E+00    0.0000000000E+00
       57.       39.       40.    0.1072081295E+00
    0.3661238196E+00    0.5341674540E-01    0.2525000000E+01
    0.9904958759E-15    0.1000000000E+01    0.5780598882E-14
   -0.2857142857E+00    0.9583148475E+00   -0.5780598882E-14
       58.       40.       41.    0.3000000000E-01
    0.3689512163E+00    0.1100000000E+00    0.2525000000E+01
    0.9583148475E+00    0.2857142857E+00    0.0000000000E+00
    0.9583148475E+00    0.2857142857E+00    0.0000000000E+00
       59.       42.       41.    0.1159006806E+00
    0.3958095348E+00    0.5774783286E-01    0.2525000000E+01
    0.9612681287E-15    0.1000000000E+01    0.4806340644E-15
   -0.2857142857E+00    0.9583148475E+00   -0.4806340644E-15
       60.       39.       42.    0.3000000000E-01
    0.3850000000E+00    0.0000000000E+00    0.2525000000E+01
    0.1000000000E+01    0.0000000000E+00    0.0000000000E+00
    0.1000000000E+01    0.0000000000E+00    0.0000000000E+00
       61.        2.       39.    0.1000000000E+00
    0.3700000000E+00    0.0000000000E+00    0.2575000000E+01
    0.0000000000E+00    0.0000000000E+00   -0.1000000000E+01
    0.0000000000E+00    0.0000000000E+00   -0.1000000000E+01
       62.       15.       40.    0.1000000000E+00
    0.3545764936E+00    0.1057142857E+00    0.2575000000E+01
    0.0000000000E+00    0.0000000000E+00   -0.1000000000E+01
    0.0000000000E+00    0.0000000000E+00   -0.1000000000E+01
       63.       16.       41.    0.1000000000E+00
    0.3833259390E+00    0.1142857143E+00    0.2575000000E+01
    0.0000000000E+00    0.0000000000E+00   -0.1000000000E+01
    0.0000000000E+00    0.0000000000E+00   -0.1000000000E+01
       64.        3.       42.    0.1000000000E+00
    0.4000000000E+00    0.0000000000E+00    0.2575000000E+01
    0.0000000000E+00    0.0000000000E+00   -0.1000000000E+01
    0.0000000000E+00    0.0000000000E+00   -0.1000000000E+01
       65.       40.       43.    0.3739753878E-01
    0.3487835623E+00    0.1234909984E+00    0.2525000000E+01
   -0.2857142857E+00    0.9583148475E+00    0.4408549495E-15
   -0.3809523810E+00    0.9245946590E+00   -0.4408549495E-15
       66.       43.       44.    0.3000000000E-01
    0.3559689437E+00    0.1466666667E+00    0.2525000000E+01
    0.9245946590E+00    0.3809523810E+00    0.0000000000E+00
    0.9245946590E+00    0.3809523810E+00    0.0000000000E+00
       67.       41.       44.    0.4042977166E-01
    0.3770633106E+00    0.1335037821E+00    0.2525000000E+01
   -0.2857142857E+00    0.9583148475E+00    0.4077908283E-15
   -0.3809523810E+00    0.9245946590E+00   -0.4077908283E-15
       68.       23.       43.    0.1000000000E+00
    0.3421000238E+00    0.1409523810E+00    0.2575000000E+01
    0.0000000000E+00    0.0000000000E+00   -0.1000000000E+01
    0.0000000000E+00    0.0000000000E+00   -0.1000000000E+01
       69.       24.       44.    0.1000000000E+00
    0.3698378636E+00    0.1523809524E+00    0.2575000000E+01
    0.0000000000E+00    0.0000000000E+00   -0.1000000000E+01
    0.0000000000E+00    0.0000000000E+00   -0.1000000000E+01
       70.       43.       45.    0.4365889727E+00
    0.2058489969E+00    0.3074511188E+00    0.2525000000E+01
   -0.3809523810E+00    0.9245946590E+00   -0.2696692822E-15
   -0.1000000000E+01   -0.4719212438E-15    0.2696692822E-15
       71.       45.       46.    0.3000000000E-01
    0.0000000000E+00    0.3850000000E+00    0.2525000000E+01
    0.0000000000E+00    0.1000000000E+01    0.0000000000E+00
    0.0000000000E+00    0.1000000000E+01    0.0000000000E+00
       72.       44.       46.    0.4719880786E+00
    0.2225394561E+00    0.3323795879E+00    0.2525000000E+01
   -0.3809523810E+00    0.9245946590E+00   -0.1496664516E-14
   -0.1000000000E+01    0.3118051075E-15    0.1496664516E-14
       73.       31.       45.    0.1000000000E+00
    0.0000000000E+00    0.3700000000E+00    0.2575000000E+01
    0.0000000000E+00    0.0000000000E+00   -0.1000000000E+01
    0.0000000000E+00    0.0000000000E+00   -0.1000000000E+01
       74.       32.       46.    0.1000000000E+00
    0.0000000000E+00    0.4000000000E+00    0.2575000000E+01
    0.0000000000E+00    0.0000000000E+00   -0.1000000000E+01
    0.0000000000E+00    0.0000000000E+00   -0.1000000000E+01
       75.       41.       47.    0.5000000000E-01
    0.4072838102E+00    0.1214285714E+00    0.2525000000E+01
    0.9583148475E+00    0.2857142857E+00    0.0000000000E+00
    0.9583148475E+00    0.2857142857E+00    0.0000000000E+00
       76.       48.       47.    0.1303882656E+00
    0.4452857266E+00    0.6496631197E-01    0.2525000000E+01
    0.7743548815E-15    0.1000000000E+01    0.4752936859E-14
   -0.2857142857E+00    0.9583148475E+00   -0.4752936859E-14
       77.       42.       48.    0.5000000000E-01
    0.4250000000E+00    0.0000000000E+00    0.2525000000E+01
    0.1000000000E+01    0.0000000000E+00    0.0000000000E+00
    0.1000000000E+01    0.0000000000E+00    0.0000000000E+00
       78.       17.       47.    0.1000000000E+00
    0.4312416814E+00    0.1285714286E+00    0.2575000000E+01
    0.0000000000E+00    0.0000000000E+00   -0.1000000000E+01
    0.0000000000E+00    0.0000000000E+00   -0.1000000000E+01
       79.        4.       48.    0.1000000000E+00
    0.4500000000E+00    0.0000000000E+00    0.2575000000E+01
    0.0000000000E+00    0.0000000000E+00   -0.1000000000E+01
    0.0000000000E+00    0.0000000000E+00   -0.1000000000E+01
       80.       44.       49.    0.5000000000E-01
    0.3929527301E+00    0.1619047619E+00    0.2525000000E+01
    0.9245946590E+00    0.3809523810E+00    0.0000000000E+00
    0.9245946590E+00    0.3809523810E+00    0.0000000000E+00
       81.       47.       49.    0.4548349311E-01
    0.4241962244E+00    0.1501917548E+00    0.2525000000E+01
   -0.2857142857E+00    0.9583148475E+00    0.3624807363E-15
   -0.3809523810E+00    0.9245946590E+00   -0.3624807363E-15
       82.       25.       49.    0.1000000000E+00
    0.4160675965E+00    0.1714285714E+00    0.2575000000E+01
    0.0000000000E+00    0.0000000000E+00   -0.1000000000E+01
    0.0000000000E+00    0.0000000000E+00   -0.1000000000E+01
       83.       46.       50.    0.5000000000E-01
    0.0000000000E+00    0.4250000000E+00    0.2525000000E+01
    0.0000000000E+00    0.1000000000E+01    0.0000000000E+00
    0.0000000000E+00    0.1000000000E+01    0.0000000000E+00
       84.       49.       50.    0.5309865884E+00
    0.2503568881E+00    0.3739270364E+00    0.2525000000E+01
   -0.3809523810E+00    0.9245946590E+00   -0.1330368459E-14
   -0.1000000000E+01    0.5543201912E-15    0.1330368459E-14
       85.       33.       50.    0.1000000000E+00
    0.0000000000E+00    0.4500000000E+00    0.2575000000E+01
    0.0000000000E+00    0.0000000000E+00   -0.1000000000E+01
    0.0000000000E+00    0.0000000000E+00   -0.1000000000E+01
       86.       47.       51.    0.7500000000E-01
    0.4671784882E+00    0.1392857143E+00    0.2525000000E+01
    0.9583148475E+00    0.2857142857E+00    0.0000000000E+00
    0.9583148475E+00    0.2857142857E+00    0.0000000000E+00
       87.       52.       51.    0.1521196433E+00
    0.5195000144E+00    0.7579403063E-01    0.2525000000E+01
   -0.3318663778E-15    0.1000000000E+01    0.4073945879E-14
   -0.2857142857E+00    0.9583148475E+00   -0.4073945879E-14
       88.       48.       52.    0.7500000000E-01
    0.4875000000E+00    0.0000000000E+00    0.2525000000E+01
    0.1000000000E+01    0.0000000000E+00    0.0000000000E+00
    0.1000000000E+01    0.0000000000E+00    0.0000000000E+00
       89.       18.       51.    0.1000000000E+00
    0.5031152949E+00    0.1500000000E+00    0.2575000000E+01
    0.0000000000E+00    0.0000000000E+00   -0.1000000000E+01
    0.0000000000E+00    0.0000000000E+00   -0.1000000000E+01
       90.        5.       52.    0.1000000000E+00
    0.5250000000E+00    0.0000000000E+00    0.2575000000E+01
    0.0000000000E+00    0.0000000000E+00   -0.1000000000E+01
    0.0000000000E+00    0.0000000000E+00   -0.1000000000E+01
       91.       49.       53.    0.7500000000E-01
    0.4507398963E+00    0.1857142857E+00    0.2525000000E+01
    0.9245946590E+00    0.3809523810E+00    0.0000000000E+00
    0.9245946590E+00    0.3809523810E+00    0.0000000000E+00
       92.       51.       53.    0.5306407530E-01
    0.4948955951E+00    0.1752237139E+00    0.2525000000E+01
   -0.2857142857E+00    0.9583148475E+00    0.3106977740E-15
   -0.3809523810E+00    0.9245946590E+00   -0.3106977740E-15
       93.       26.       53.    0.1000000000E+00
    0.4854121960E+00    0.2000000000E+00    0.2575000000E+01
    0.0000000000E+00    0.0000000000E+00   -0.1000000000E+01
    0.0000000000E+00    0.0000000000E+00   -0.1000000000E+01
       94.       50.       54.    0.7500000000E-01
    0.0000000000E+00    0.4875000000E+00    0.2525000000E+01
    0.0000000000E+00    0.1000000000E+01    0.0000000000E+00
    0.0000000000E+00    0.1000000000E+01    0.0000000000E+00
       95.       53.       54.    0.6194843531E+00
    0.2920830361E+00    0.4362482092E+00    0.2525000000E+01
   -0.3809523810E+00    0.9245946590E+00   -0.1900526370E-15
   -0.1000000000E+01   -0.2850789554E-15    0.1900526370E-15
       96.       34.       54.    0.1000000000E+00
    0.0000000000E+00    0.5250000000E+00    0.2575000000E+01
    0.0000000000E+00    0.0000000000E+00   -0.1000000000E+01
    0.0000000000E+00    0.0000000000E+00   -0.1000000000E+01
       97.       51.       55.    0.2218847051E+00
    0.6140576475E+00    0.1500000000E+00    0.2525000000E+01
    0.1000000000E+01    0.0000000000E+00    0.0000000000E+00
    0.1000000000E+01    0.0000000000E+00    0.0000000000E+00
       98.       56.       55.    0.1500000000E+00
    0.7250000000E+00    0.7500000000E-01    0.2525000000E+01
    0.0000000000E+00    0.1000000000E+01    0.0000000000E+00
    0.0000000000E+00    0.1000000000E+01    0.0000000000E+00
       99.       52.       56.    0.2000000000E+00
    0.6250000000E+00    0.0000000000E+00    0.2525000000E+01
    0.1000000000E+01    0.0000000000E+00    0.0000000000E+00
    0.1000000000E+01    0.0000000000E+00    0.0000000000E+00
      100.       19.       55.    0.1000000000E+00
    0.7250000000E+00    0.1500000000E+00    0.2575000000E+01
    0.0000000000E+00    0.0000000000E+00   -0.1000000000E+01
    0.0000000000E+00    0.0000000000E+00   -0.1000000000E+01
      101.        6.       56.    0.1000000000E+00
    0.7250000000E+00    0.0000000000E+00    0.2575000000E+01
    0.0000000000E+00    0.0000000000E+00   -0.1000000000E+01
    0.0000000000E+00    0.0000000000E+00   -0.1000000000E+01
      102.       55.       57.    0.5000000000E-01
    0.7500000000E+00    0.1500000000E+00    0.2525000000E+01
    0.1000000000E+01    0.0000000000E+00    0.0000000000E+00
    0.1000000000E+01    0.0000000000E+00    0.0000000000E+00
      103.       58.       57.    0.1500000000E+00
    0.7750000000E+00    0.7500000000E-01    0.2525000000E+01
    0.0000000000E+00    0.1000000000E+01    0.0000000000E+00
    0.0000000000E+00    0.1000000000E+01    0.0000000000E+00
      104.       56.       58.    0.5000000000E-01
    0.7500000000E+00    0.0000000000E+00    0.2525000000E+01
    0.1000000000E+01    0.0000000000E+00    0.0000000000E+00
    0.1000000000E+01    0.0000000000E+00    0.0000000000E+00
      105.       20.       57.    0.1000000000E+00
    0.7750000000E+00    0.1500000000E+00    0.2575000000E+01
    0.0000000000E+00    0.0000000000E+00   -0.1000000000E+01
    0.0000000000E+00    0.0000000000E+00   -0.1000000000E+01
      106.        7.       58.    0.1000000000E+00
    0.7750000000E+00    0.0000000000E+00    0.2575000000E+01
    0.0000000000E+00    0.0000000000E+00   -0.1000000000E+01
    0.0000000000E+00    0.0000000000E+00   -0.1000000000E+01
      107.       59.       57.    0.7879870102E-01
    0.8028595479E+00    0.1221404521E+00    0.2525000000E+01
   -0.7071067812E+00    0.7071067812E+00    0.0000000000E+00
   -0.7071067812E+00    0.7071067812E+00    0.0000000000E+00
      108.       60.       59.    0.1047197551E+00
    0.8018160623E+00    0.5102445765E-01    0.2525000000E+01
   -0.1359915269E-15    0.1000000000E+01    0.1631898323E-14
    0.7071067812E+00    0.7071067812E+00   -0.1631898323E-14
      109.       58.       60.    0.1666666667E-01
    0.7833333333E+00    0.0000000000E+00    0.2525000000E+01
    0.1000000000E+01    0.0000000000E+00    0.0000000000E+00
    0.1000000000E+01    0.0000000000E+00    0.0000000000E+00
      110.       13.       59.    0.1000000000E+00
    0.8307190958E+00    0.9428090416E-01    0.2575000000E+01
    0.0000000000E+00    0.0000000000E+00   -0.1000000000E+01
    0.0000000000E+00    0.0000000000E+00   -0.1000000000E+01
      111.        8.       60.    0.1000000000E+00
    0.7916666667E+00    0.0000000000E+00    0.2575000000E+01
    0.0000000000E+00    0.0000000000E+00   -0.1000000000E+01
    0.0000000000E+00    0.0000000000E+00   -0.1000000000E+01
      112.       57.       61.    0.3000000000E+00
    0.9250000000E+00    0.1500000000E+00    0.2525000000E+01
    0.1000000000E+01    0.0000000000E+00    0.0000000000E+00
    0.1000000000E+01    0.0000000000E+00    0.0000000000E+00
      113.       62.       61.    0.7879870102E-01
    0.1047140452E+01    0.1221404521E+00    0.2525000000E+01
    0.7071067812E+00    0.7071067812E+00    0.0000000000E+00
    0.7071067812E+00    0.7071067812E+00    0.0000000000E+00
      114.       59.       62.    0.2094395103E+00
    0.9250000001E+00    0.1333333333E+00    0.2525000000E+01
    0.7071067812E+00    0.7071067812E+00    0.0000000000E+00
    0.7071067812E+00   -0.7071067812E+00    0.0000000000E+00
      115.       21.       61.    0.1000000000E+00
    0.1075000000E+01    0.1500000000E+00    0.2575000000E+01
    0.0000000000E+00    0.0000000000E+00   -0.1000000000E+01
    0.0000000000E+00    0.0000000000E+00   -0.1000000000E+01
      116.       14.       62.    0.1000000000E+00
    0.1019280904E+01    0.9428090416E-01    0.2575000000E+01
    0.0000000000E+00    0.0000000000E+00   -0.1000000000E+01
    0.0000000000E+00    0.0000000000E+00   -0.1000000000E+01
      117.       63.       61.    0.1500000000E+00
    0.1075000000E+01    0.7500000000E-01    0.2525000000E+01
    0.0000000000E+00    0.1000000000E+01    0.0000000000E+00
    0.0000000000E+00    0.1000000000E+01    0.0000000000E+00
      118.       64.       63.    0.1666666667E-01
    0.1066666667E+01    0.0000000000E+00    0.2525000000E+01
    0.1000000000E+01    0.0000000000E+00    0.0000000000E+00
    0.1000000000E+01    0.0000000000E+00    0.0000000000E+00
      119.       62.       64.    0.1047197551E+00
    0.1048183938E+01    0.5102445765E-01    0.2525000000E+01
    0.7071067812E+00   -0.7071067812E+00    0.1631898323E-14
    0.0000000000E+00   -0.1000000000E+01   -0.1631898323E-14
      120.       11.       63.    0.1000000000E+00
    0.1075000000E+01    0.0000000000E+00    0.2575000000E+01
    0.0000000000E+00    0.0000000000E+00   -0.1000000000E+01
    0.0000000000E+00    0.0000000000E+00   -0.1000000000E+01
      121.       10.       64.    0.1000000000E+00
    0.1058333333E+01    0.0000000000E+00    0.2575000000E+01
    0.0000000000E+00    0.0000000000E+00   -0.1000000000E+01
    0.0000000000E+00    0.0000000000E+00   -0.1000000000E+01
      122.       61.       65.    0.5000000000E-01
    0.1100000000E+01    0.1500000000E+00    0.2525000000E+01
    0.1000000000E+01    0.0000000000E+00    0.0000000000E+00
    0.1000000000E+01    0.0000000000E+00    0.0000000000E+00
      123.       66.       65.    0.1500000000E+00
    0.1125000000E+01    0.7500000000E-01    0.2525000000E+01
    0.0000000000E+00    0.1000000000E+01    0.0000000000E+00
    0.0000000000E+00    0.1000000000E+01    0.0000000000E+00
      124.       63.       66.    0.5000000000E-01
    0.1100000000E+01    0.0000000000E+00    0.2525000000E+01
    0.1000000000E+01    0.0000000000E+00    0.0000000000E+00
    0.1000000000E+01    0.0000000000E+00    0.0000000000E+00
      125.       22.       65.    0.1000000000E+00
    0.1125000000E+01    0.1500000000E+00    0.2575000000E+01
    0.0000000000E+00    0.0000000000E+00   -0.1000000000E+01
    0.0000000000E+00    0.0000000000E+00   -0.1000000000E+01
      126.       12.       66.    0.1000000000E+00
    0.1125000000E+01    0.0000000000E+00    0.2575000000E+01
    0.0000000000E+00    0.0000000000E+00   -0.1000000000E+01
    0.0000000000E+00    0.0000000000E+00   -0.1000000000E+01
      127.       53.       67.    0.2395878040E+00
    0.6052060980E+00    0.2000000000E+00    0.2525000000E+01
    0.1000000000E+01    0.0000000000E+00    0.0000000000E+00
    0.1000000000E+01    0.0000000000E+00    0.0000000000E+00
      128.       55.       67.    0.5000000000E-01
    0.7250000000E+00    0.1750000000E+00    0.2525000000E+01
    0.0000000000E+00    0.1000000000E+01    0.0000000000E+00
    0.0000000000E+00    0.1000000000E+01    0.0000000000E+00
      129.       27.       67.    0.1000000000E+00
    0.7250000000E+00    0.2000000000E+00    0.2575000000E+01
    0.0000000000E+00    0.0000000000E+00   -0.1000000000E+01
    0.0000000000E+00    0.0000000000E+00   -0.1000000000E+01
      130.       67.       68.    0.5000000000E-01
    0.7500000000E+00    0.2000000000E+00    0.2525000000E+01
    0.1000000000E+01    0.0000000000E+00    0.0000000000E+00
    0.1000000000E+01    0.0000000000E+00    0.0000000000E+00
      131.       57.       68.    0.5000000000E-01
    0.7750000000E+00    0.1750000000E+00    0.2525000000E+01
    0.0000000000E+00    0.1000000000E+01    0.0000000000E+00
    0.0000000000E+00    0.1000000000E+01    0.0000000000E+00
      132.       28.       68.    0.1000000000E+00
    0.7750000000E+00    0.2000000000E+00    0.2575000000E+01
    0.0000000000E+00    0.0000000000E+00   -0.1000000000E+01
    0.0000000000E+00    0.0000000000E+00   -0.1000000000E+01
      133.       68.       69.    0.3000000000E+00
    0.9250000000E+00    0.2000000000E+00    0.2525000000E+01
    0.1000000000E+01    0.0000000000E+00    0.0000000000E+00
    0.1000000000E+01    0.0000000000E+00    0.0000000000E+00
      134.       61.       69.    0.5000000000E-01
    0.1075000000E+01    0.1750000000E+00    0.2525000000E+01
    0.0000000000E+00    0.1000000000E+01    0.0000000000E+00
    0.0000000000E+00    0.1000000000E+01    0.0000000000E+00
      135.       29.       69.    0.1000000000E+00
    0.1075000000E+01    0.2000000000E+00    0.2575000000E+01
    0.0000000000E+00    0.0000000000E+00   -0.1000000000E+01
    0.0000000000E+00    0.0000000000E+00   -0.1000000000E+01
      136.       69.       70.    0.5000000000E-01
    0.1100000000E+01    0.2000000000E+00    0.2525000000E+01
    0.1000000000E+01    0.0000000000E+00    0.0000000000E+00
    0.1000000000E+01    0.0000000000E+00    0.0000000000E+00
      137.       65.       70.    0.5000000000E-01
    0.1125000000E+01    0.1750000000E+00    0.2525000000E+01
    0.0000000000E+00    0.1000000000E+01    0.0000000000E+00
    0.0000000000E+00    0.1000000000E+01    0.0000000000E+00
      138.       30.       70.    0.1000000000E+00
    0.1125000000E+01    0.2000000000E+00    0.2575000000E+01
    0.0000000000E+00    0.0000000000E+00   -0.1000000000E+01
    0.0000000000E+00    0.0000000000E+00   -0.1000000000E+01
      139.       54.       71.    0.1550000000E+00
    0.0000000000E+00    0.6025000000E+00    0.2525000000E+01
    0.0000000000E+00    0.1000000000E+01    0.0000000000E+00
    0.0000000000E+00    0.1000000000E+01    0.0000000000E+00
      140.       71.       72.    0.3750000000E+00
    0.1875000000E+00    0.6800000000E+00    0.2525000000E+01
    0.1000000000E+01    0.0000000000E+00    0.0000000000E+00
    0.1000000000E+01    0.0000000000E+00    0.0000000000E+00
      141.       72.       73.    0.3668129822E+00
    0.5452886520E+00    0.6118845392E+00    0.2525000000E+01
    0.9284766909E+00   -0.3713906764E+00    0.0000000000E+00
    0.9284766909E+00   -0.3713906764E+00    0.0000000000E+00
      142.       53.       73.    0.4137066064E+00
    0.6004947500E+00    0.3718845392E+00    0.2525000000E+01
    0.5563486403E+00    0.8309489698E+00    0.0000000000E+00
    0.5563486403E+00    0.8309489698E+00    0.0000000000E+00
      143.       35.       71.    0.1000000000E+00
    0.0000000000E+00    0.6800000000E+00    0.2575000000E+01
    0.0000000000E+00    0.0000000000E+00   -0.1000000000E+01
    0.0000000000E+00    0.0000000000E+00   -0.1000000000E+01
      144.       36.       72.    0.1000000000E+00
    0.3750000000E+00    0.6800000000E+00    0.2575000000E+01
    0.0000000000E+00    0.0000000000E+00   -0.1000000000E+01
    0.0000000000E+00    0.0000000000E+00   -0.1000000000E+01
      145.       37.       73.    0.1000000000E+00
    0.7155773039E+00    0.5437690784E+00    0.2575000000E+01
    0.0000000000E+00    0.0000000000E+00   -0.1000000000E+01
    0.0000000000E+00    0.0000000000E+00   -0.1000000000E+01
      146.       73.       74.    0.4409617388E+00
    0.9202886520E+00    0.4618845392E+00    0.2525000000E+01
    0.9284766909E+00   -0.3713906764E+00    0.0000000000E+00
    0.9284766909E+00   -0.3713906764E+00    0.0000000000E+00
      147.       70.       74.    0.1800000000E+00
    0.1125000000E+01    0.2900000000E+00    0.2525000000E+01
    0.0000000000E+00    0.1000000000E+01    0.0000000000E+00
    0.0000000000E+00    0.1000000000E+01    0.0000000000E+00
      148.       38.       74.    0.1000000000E+00
    0.1125000000E+01    0.3800000000E+00    0.2575000000E+01
    0.0000000000E+00    0.0000000000E+00   -0.1000000000E+01
    0.0000000000E+00    0.0000000000E+00   -0.1000000000E+01
      149.       53.       69.    0.5895878040E+00
    0.7802060980E+00    0.2000000000E+00    0.2525000000E+01
    0.1000000000E+01    0.0000000000E+00    0.0000000000E+00
    0.1000000000E+01    0.0000000000E+00    0.0000000000E+00
    -9876.

     9999.
       30.
       98.
        1.        4.        0.
         L        1.
        1.
       46.
        4.
       16.
        2.        4.        0.
         L        1.
        2.
       49.
        5.
       46.
        3.        4.        0.
         L        1.
        3.
       33.
        6.
       49.
        4.        4.        0.
         L        1.
        4.
       47.
        7.
       17.
        5.        4.        0.
         L        1.
        5.
       50.
        8.
       47.
        6.        4.        0.
         L        1.
        6.
       34.
        9.
       50.
        7.        4.        0.
         L        1.
        7.
       48.
       10.
       18.
        8.        4.        0.
         L        1.
        8.
       51.
       11.
       48.
        9.        4.        0.
         L        1.
        9.
       35.
       12.
       51.
       10.        4.        0.
         L        1.
       10.
       24.
       37.
       19.
       11.        4.        0.
         L        1.
       37.
       25.
       39.
       20.
       12.        4.        0.
         L        1.
       39.
       53.
       13.
       21.
       13.        4.        0.
         L        1.
       53.
       26.
       54.
       14.
       14.        4.        0.
         L        1.
       54.
       41.
       22.
       15.
       15.        4.        0.
         L        1.
       41.
       27.
       43.
       23.
       16.        4.        0.
         L        1.
       11.
       28.
       38.
       24.
       17.        4.        0.
         L        1.
       38.
       29.
       40.
       25.
       18.        4.        0.
         L        1.
       40.
       30.
       42.
       26.
       19.        4.        0.
         L        1.
       42.
       31.
       44.
       27.
       20.        5.        0.
         L        1.
       36.
       32.
       55.
       52.
       12.
       21.        7.        0.
         L        1.
       52.
       56.
       45.
       31.
       30.
       29.
       28.
       22.        4.        0.
         L        1.
       57.
       58.
       59.
       60.
       23.        4.        0.
         L        1.
        1.
       62.
       57.
       61.
       24.        4.        0.
         L        1.
       46.
       63.
       58.
       62.
       25.        4.        0.
         L        1.
        4.
       64.
       59.
       63.
       26.        4.        0.
         L        1.
       16.
       61.
       60.
       64.
       27.        4.        0.
         L        1.
       65.
       66.
       67.
       58.
       28.        4.        0.
         L        1.
        2.
       68.
       65.
       62.
       29.        4.        0.
         L        1.
       49.
       69.
       66.
       68.
       30.        4.        0.
         L        1.
        5.
       63.
       67.
       69.
       31.        4.        0.
         L        1.
       70.
       71.
       72.
       66.
       32.        4.        0.
         L        1.
        3.
       73.
       70.
       68.
       33.        4.        0.
         L        1.
       33.
       74.
       71.
       73.
       34.        4.        0.
         L        1.
        6.
       69.
       72.
       74.
       35.        4.        0.
         L        1.
       59.
       75.
       76.
       77.
       36.        4.        0.
         L        1.
       47.
       78.
       75.
       63.
       37.        4.        0.
         L        1.
        7.
       79.
       76.
       78.
       38.        4.        0.
         L        1.
       17.
       64.
       77.
       79.
       39.        4.        0.
         L        1.
       67.
       80.
       81.
       75.
       40.        4.        0.
         L        1.
       50.
       82.
       80.
       69.
       41.        4.        0.
         L        1.
        8.
       78.
       81.
       82.
       42.        4.        0.
         L        1.
       72.
       83.
       84.
       80.
       43.        4.        0.
         L        1.
       34.
       85.
       83.
       74.
       44.        4.        0.
         L        1.
        9.
       82.
       84.
       85.
       45.        4.        0.
         L        1.
       76.
       86.
       87.
       88.
       46.        4.        0.
         L        1.
       48.
       89.
       86.
       78.
       47.        4.        0.
         L        1.
       10.
       90.
       87.
       89.
       48.        4.        0.
         L        1.
       18.
       79.
       88.
       90.
       49.        4.        0.
         L        1.
       81.
       91.
       92.
       86.
       50.        4.        0.
         L        1.
       51.
       93.
       91.
       82.
       51.        4.        0.
         L        1.
       11.
       89.
       92.
       93.
       52.        4.        0.
         L        1.
       84.
       94.
       95.
       91.
       53.        4.        0.
         L        1.
       35.
       96.
       94.
       85.
       54.        4.        0.
         L        1.
       12.
       93.
       95.
       96.
       55.        4.        0.
         L        1.
       87.
       97.
       98.
       99.
       56.        4.        0.
         L        1.
       24.
      100.
       97.
       89.
       57.        4.        0.
         L        1.
       37.
      101.
       98.
      100.
       58.        4.        0.
         L        1.
       19.
       90.
       99.
      101.
       59.        4.        0.
         L        1.
       98.
      102.
      103.
      104.
       60.        4.        0.
         L        1.
       25.
      105.
      102.
      100.
       61.        4.        0.
         L        1.
       39.
      106.
      103.
      105.
       62.        4.        0.
         L        1.
       20.
      101.
      104.
      106.
       63.        4.        0.
         L        1.
      103.
      107.
      108.
      109.
       64.        4.        0.
         L        1.
       53.
      110.
      107.
      105.
       65.        4.        0.
         L        1.
       13.
      111.
      108.
      110.
       66.        4.        0.
         L        1.
       21.
      106.
      109.
      111.
       67.        4.        0.
         L        1.
      107.
      112.
      113.
      114.
       68.        4.        0.
         L        1.
       26.
      115.
      112.
      105.
       69.        4.        0.
         L        1.
       54.
      116.
      113.
      115.
       70.        4.        0.
         L        1.
       14.
      110.
      114.
      116.
       71.        4.        0.
         L        1.
      113.
      117.
      118.
      119.
       72.        4.        0.
         L        1.
       41.
      120.
      117.
      115.
       73.        4.        0.
         L        1.
       22.
      121.
      118.
      120.
       74.        4.        0.
         L        1.
       15.
      116.
      119.
      121.
       75.        4.        0.
         L        1.
      117.
      122.
      123.
      124.
       76.        4.        0.
         L        1.
       27.
      125.
      122.
      115.
       77.        4.        0.
         L        1.
       43.
      126.
      123.
      125.
       78.        4.        0.
         L        1.
       23.
      120.
      124.
      126.
       79.        4.        0.
         L        1.
       92.
      127.
      128.
       97.
       80.        4.        0.
         L        1.
       28.
      129.
      127.
       93.
       81.        4.        0.
         L        1.
       38.
      100.
      128.
      129.
       82.        4.        0.
         L        1.
      128.
      130.
      131.
      102.
       83.        4.        0.
         L        1.
       29.
      132.
      130.
      129.
       84.        4.        0.
         L        1.
       40.
      105.
      131.
      132.
       85.        4.        0.
         L        1.
      131.
      133.
      134.
      112.
       86.        4.        0.
         L        1.
       30.
      135.
      133.
      132.
       87.        4.        0.
         L        1.
       42.
      115.
      134.
      135.
       88.        4.        0.
         L        1.
      134.
      136.
      137.
      122.
       89.        4.        0.
         L        1.
       31.
      138.
      136.
      135.
       90.        4.        0.
         L        1.
       44.
      125.
      137.
      138.
       91.        5.        0.
         L        1.
      139.
      140.
      141.
      142.
       95.
       92.        4.        0.
         L        1.
       36.
      143.
      139.
       96.
       93.        4.        0.
         L        1.
       32.
      144.
      140.
      143.
       94.        4.        0.
         L        1.
       55.
      145.
      141.
      144.
       95.        4.        0.
         L        1.
       52.
       93.
      142.
      145.
       96.        8.        1.
         L        1.
      142.
      146.
      147.
      136.
      149.
      149.
       97.        4.        0.
         L        1.
       56.
      148.
      146.
      145.
       98.        4.        0.
         L        1.
       45.
      138.
      147.
      148.
    -9876.

     9999.
       40.
       21.
        1.        6.        0.
        1.
       22.
       23.
       24.
       25.
       26.
        1.
       22.
        2.        6.        0.
        2.
       24.
       27.
       28.
       29.
       30.
        2.
       27.
        3.        6.        0.
        3.
       29.
       31.
       32.
       33.
       34.
        3.
       31.
        4.        6.        0.
        4.
       25.
       35.
       36.
       37.
       38.
        4.
       35.
        5.        6.        0.
        5.
       30.
       36.
       39.
       40.
       41.
        5.
       39.
        6.        6.        0.
        6.
       34.
       40.
       42.
       43.
       44.
        6.
       42.
        7.        6.        0.
        7.
       37.
       45.
       46.
       47.
       48.
        7.
       45.
        8.        6.        0.
        8.
       41.
       46.
       49.
       50.
       51.
        8.
       49.
        9.        6.        0.
        9.
       44.
       50.
       52.
       53.
       54.
        9.
       52.
       10.        6.        0.
       10.
       47.
       55.
       56.
       57.
       58.
       10.
       55.
       11.        6.        0.
       11.
       57.
       59.
       60.
       61.
       62.
       11.
       59.
       12.        6.        0.
       12.
       61.
       63.
       64.
       65.
       66.
       12.
       63.
       13.        6.        0.
       13.
       64.
       67.
       68.
       69.
       70.
       13.
       67.
       14.        6.        0.
       14.
       69.
       71.
       72.
       73.
       74.
       14.
       71.
       15.        6.        0.
       15.
       72.
       75.
       76.
       77.
       78.
       15.
       75.
       16.        6.        0.
       16.
       51.
       56.
       79.
       80.
       81.
       16.
       79.
       17.        6.        0.
       17.
       60.
       81.
       82.
       83.
       84.
       17.
       82.
       18.        6.        0.
       18.
       68.
       84.
       85.
       86.
       87.
       18.
       85.
       19.        6.        0.
       19.
       76.
       87.
       88.
       89.
       90.
       19.
       88.
       20.        7.        0.
       20.
       54.
       91.
       92.
       93.
       94.
       95.
       20.
       91.
       21.        9.        0.
       21.
       80.
       83.
       86.
       89.
       95.
       96.
       97.
       98.
       21.
       96.
    -9876.

